service_id,monday,tuesday,wednesday,thursday,friday,saturday,sunday,start_date,end_date
66201,1,1,1,1,1,0,0,20240130,20240331
66202,1,1,1,1,0,0,0,20240130,20240331
66203,0,1,1,1,1,0,0,20240130,20240331
66204,0,1,1,1,1,0,0,20240130,20240331
66205,0,0,0,0,1,0,0,20240130,20240331
66206,0,0,0,0,0,1,0,20240130,20240331
66207,0,0,0,0,0,1,0,20240130,20240331
66208,0,0,0,0,0,0,1,20240130,20240331
66209,0,0,0,0,0,0,1,20240130,20240331
66210,0,0,1,1,1,1,0,20240130,20240331
66211,0,1,1,1,1,1,0,20240130,20240331
66212,0,1,1,1,1,1,0,20240130,20240331
66213,1,0,0,0,0,0,0,20240130,20240331
66214,1,0,0,0,0,0,0,20240130,20240331
66215,1,0,0,0,0,0,0,20240130,20240331
66216,0,1,0,0,0,0,0,20240130,20240331
66217,0,1,0,0,0,0,0,20240130,20240331
66218,1,0,1,1,1,0,0,20240130,20240331
66219,1,0,1,1,1,0,0,20240130,20240331
66220,0,0,1,0,0,0,0,20240130,20240331
66221,0,0,1,0,0,0,0,20240130,20240331
66222,1,1,0,1,1,0,0,20240130,20240331
66223,1,1,0,1,1,0,0,20240130,20240331
66224,0,0,0,1,0,0,0,20240130,20240331
66225,0,0,0,1,0,0,0,20240130,20240331
66226,1,1,1,0,1,0,0,20240130,20240331
66227,1,1,1,0,1,0,0,20240130,20240331
66228,0,1,1,0,0,0,0,20240130,20240331
66229,0,1,1,0,0,0,0,20240130,20240331
66230,1,0,0,1,1,0,0,20240130,20240331
66231,1,0,0,1,1,0,0,20240130,20240331
66232,1,1,0,0,1,0,0,20240130,20240331
66233,1,1,0,0,1,0,0,20240130,20240331
66234,1,1,1,1,1,0,1,20240130,20240331
66235,1,1,1,1,1,0,1,20240130,20240331
66236,1,1,1,1,1,1,0,20240130,20240331
66237,1,1,1,1,1,1,0,20240130,20240331
66238,1,1,1,1,1,1,0,20240130,20240331
66239,1,1,1,1,1,0,0,20240130,20240331
66240,1,1,1,1,0,0,1,20240130,20240331
66241,0,1,1,0,1,0,0,20240130,20240331
66242,0,1,1,0,1,0,0,20240130,20240331
108101,1,1,1,1,1,0,0,20240130,20240203
108102,1,1,1,1,0,0,0,20240130,20240203
108103,0,1,1,1,1,0,0,20240130,20240203
108104,0,1,1,1,1,0,0,20240130,20240203
108105,0,0,0,0,1,0,0,20240130,20240203
108106,0,0,0,0,0,1,0,20240130,20240203
108107,0,0,0,0,0,1,0,20240130,20240203
108108,0,0,0,0,0,0,1,20240130,20240203
108109,0,0,0,0,0,0,1,20240130,20240203
108110,0,0,1,1,1,1,0,20240130,20240203
108111,0,1,1,1,1,1,0,20240130,20240203
108112,0,1,1,1,1,1,0,20240130,20240203
108113,1,0,0,0,0,0,0,20240130,20240203
108114,1,0,0,0,0,0,0,20240130,20240203
108115,1,0,0,0,0,0,0,20240130,20240203
108116,0,1,0,0,0,0,0,20240130,20240203
108117,0,1,0,0,0,0,0,20240130,20240203
108118,1,0,1,1,1,0,0,20240130,20240203
108119,1,0,1,1,1,0,0,20240130,20240203
108120,0,0,1,0,0,0,0,20240130,20240203
108121,0,0,1,0,0,0,0,20240130,20240203
108122,1,1,0,1,1,0,0,20240130,20240203
108123,1,1,0,1,1,0,0,20240130,20240203
108124,0,0,0,1,0,0,0,20240130,20240203
108125,0,0,0,1,0,0,0,20240130,20240203
108126,1,1,1,0,1,0,0,20240130,20240203
108127,1,1,1,0,1,0,0,20240130,20240203
108128,0,1,1,0,0,0,0,20240130,20240203
108129,0,1,1,0,0,0,0,20240130,20240203
108130,1,0,0,1,1,0,0,20240130,20240203
108131,1,0,0,1,1,0,0,20240130,20240203
108132,1,1,0,0,1,0,0,20240130,20240203
108133,1,1,0,0,1,0,0,20240130,20240203
108134,1,1,1,1,1,0,1,20240130,20240203
108135,1,1,1,1,1,0,1,20240130,20240203
108136,1,1,1,1,1,1,0,20240130,20240203
108137,1,1,1,1,1,1,0,20240130,20240203
108138,1,1,1,1,1,1,0,20240130,20240203
108139,1,1,1,1,1,0,0,20240130,20240203
108140,1,1,1,1,0,0,1,20240130,20240203
108141,0,1,1,0,1,0,0,20240130,20240203
108142,0,1,1,0,1,0,0,20240130,20240203
108201,1,1,1,1,1,0,0,20240204,20240331
108202,1,1,1,1,0,0,0,20240204,20240331
108203,0,1,1,1,1,0,0,20240204,20240331
108204,0,1,1,1,1,0,0,20240204,20240331
108205,0,0,0,0,1,0,0,20240204,20240331
108206,0,0,0,0,0,1,0,20240204,20240331
108207,0,0,0,0,0,1,0,20240204,20240331
108208,0,0,0,0,0,0,1,20240204,20240331
108209,0,0,0,0,0,0,1,20240204,20240331
108210,0,0,1,1,1,1,0,20240204,20240331
108211,0,1,1,1,1,1,0,20240204,20240331
108212,0,1,1,1,1,1,0,20240204,20240331
108213,1,0,0,0,0,0,0,20240204,20240331
108214,1,0,0,0,0,0,0,20240204,20240331
108215,1,0,0,0,0,0,0,20240204,20240331
108216,0,1,0,0,0,0,0,20240204,20240331
108217,0,1,0,0,0,0,0,20240204,20240331
108218,1,0,1,1,1,0,0,20240204,20240331
108219,1,0,1,1,1,0,0,20240204,20240331
108220,0,0,1,0,0,0,0,20240204,20240331
108221,0,0,1,0,0,0,0,20240204,20240331
108222,1,1,0,1,1,0,0,20240204,20240331
108223,1,1,0,1,1,0,0,20240204,20240331
108224,0,0,0,1,0,0,0,20240204,20240331
108225,0,0,0,1,0,0,0,20240204,20240331
108226,1,1,1,0,1,0,0,20240204,20240331
108227,1,1,1,0,1,0,0,20240204,20240331
108228,0,1,1,0,0,0,0,20240204,20240331
108229,0,1,1,0,0,0,0,20240204,20240331
108230,1,0,0,1,1,0,0,20240204,20240331
108231,1,0,0,1,1,0,0,20240204,20240331
108232,1,1,0,0,1,0,0,20240204,20240331
108233,1,1,0,0,1,0,0,20240204,20240331
108234,1,1,1,1,1,0,1,20240204,20240331
108235,1,1,1,1,1,0,1,20240204,20240331
108236,1,1,1,1,1,1,0,20240204,20240331
108237,1,1,1,1,1,1,0,20240204,20240331
108238,1,1,1,1,1,1,0,20240204,20240331
108239,1,1,1,1,1,0,0,20240204,20240331
108240,1,1,1,1,0,0,1,20240204,20240331
108241,0,1,1,0,1,0,0,20240204,20240331
108242,0,1,1,0,1,0,0,20240204,20240331
208101,1,1,1,1,1,0,0,20240130,20240203
208201,1,1,1,1,1,0,0,20240204,20240331
